
1
0.34  1
0.38  0.35  1
0.02  0.03  0.04  1
0.15  0.19  0.14  0.02  1
0.17  0.15  0.20  0.01  0.42  1
0.20  0.13  0.12  0.00  0.40  0.21  1
0.32  0.32  0.21  0.03  0.10  0.10  0.07  1
0.10  0.17  0.12  0.02  0.15  0.18  0.23  0.13  1
0.14  0.16  0.15  0.03  0.14  0.19  0.18  0.18  0.37  1
0.14  0.15  0.19  0.01  0.18  0.30  0.13  0.08  0.38  0.38  1
0.18  0.16  0.24  0.02  0.14  0.21  0.21  0.22  0.06  0.23  0.18  1
0.19  0.20  0.15  0.01  0.14  0.24  0.09  0.24  0.15  0.21  0.21  0.45  1
0.18  0.21  0.18  0.03  0.25  0.18  0.18  0.18  0.22  0.12  0.24  0.28  0.35  1
0.08  0.18  0.16  0.01  0.22  0.20  0.22  0.12  0.12  0.16  0.21  0.25  0.20  0.26  1
0.12  0.16  0.25  0.02  0.15  0.12  0.20  0.14  0.17  0.20  0.14  0.20  0.15  0.20  0.50  1
0.20  0.16  0.18  0.04  0.25  0.14  0.21  0.17  0.21  0.21  0.23  0.15  0.21  0.22  0.29  0.41  1





