1.82
0.68 1.84
0.75 0.50 1.51
0.48 0.66 0.43 1.31
0.42 0.66 0.30 0.47 1.96
0.47 0.55 0.39 0.58 0.75 1.54
0.38 0.48 0.35 0.54 0.69 0.95 1.78
0.45 0.54 0.43 0.66 0.52 0.88 0.93 1.85
0.35 0.41 0.25 0.32 0.59 0.58 0.52 0.64 1.33
0.27 0.34 0.26 0.30 0.37 0.58 0.51 0.58 0.59 1.19
0.36 0.46 0.28 0.31 0.23 0.19 0.08 0.33 0.51 0.35  2.90
0.38 0.37 0.17 0.22 0.35 0.47 0.45 0.60 0.54 0.53  0.45 1.68
0.56 0.51 0.54 0.58 0.89 1.02 0.98 0.89 0.25 0.25 -0.33 0.21 3.17
0.50 0.57 0.35 0.48 0.73 1.00 1.06 1.04 0.35 0.37 -0.08 0.16 2.00 2.87
0.58 0.65 0.58 0.72 0.88 1.07 1.12 1.02 0.34 0.37 -0.12 0.33 2.25 1.76 2.47
0.27 0.47 0.33 0.34 0.49 0.75 0.75 0.84 0.23 0.19 -0.07 0.35 1.44 1.44 1.43 1.96
